IMF(Kroupa=0, IGIMF=1), Log_SFR, SFEN, STR, alive stellar mass, Dynamical mass, Mass-weighted stellar [Mg/Fe], Mass-weighted stellar [Z/X], gas [Mg/Fe], gas [Z/X], luminosity-weighted stellar [Mg/Fe], luminosity-weighted stellar [Z/X]
1 -2.0 5 0.3 5.2464 5.4649 0.6901920440345886 -1.2215410973500742 -0.43711661573517707 -0.38751598767739126 0.6894131781234096 -1.2150225539338966 -1.9657177557241843 -0.10065959618744635 -1.958151882908708
1 -2.0 5 0.1 5.2345 5.4609 0.6966220609862681 -1.760901344249486 -0.40382809382804924 -0.9501987475799412 0.6965345894153075 -1.7607207439960735 -2.512763682818208 -0.6720696096058845 -2.5124649967888804
1 -2.0 5 0.01 5.2303 5.4593 0.6988213825728823 -2.7820045159476647 -0.3633313575878362 -1.9773629231205396 0.6987740352677927 -2.7818459252339096 -3.536974690844632 -1.7163611736289894 -3.5367516350958716
1 -2.0 5 0.4 5.2545 5.4681 0.6863999984829942 -1.060159361319467 -0.4541737873322952 -0.21011370769365545 0.6850309890421655 -1.0496718506078697 -1.8003975343726504 0.08063313346216194 -1.7880854362609506
1 -2.0 5 0.2 5.2403 5.463 0.6934962970321236 -1.4300144028110824 -0.42267014843388945 -0.6087651050347749 0.6930459365446139 -1.4270291547471865 -2.177666657224975 -0.3252562946400097 -2.1740717621527264
1 -2.0 5 1.2 5.4145 5.5362 0.5773491034768748 0.11970115764035327 -1.0942142473604353 1.3494235080430614 0.6166865235307711 -0.1076963846399226 -0.5127099956728554 2.088548786601885 -0.7826150895009398
1 -2.0 5 1.0 5.3357 5.4988 0.6379774203493664 -0.3124712316287652 -0.731734803256698 1.0711350311166554 0.6407102315457617 -0.3122007879005466 -1.0034015827384213 1.4736147634529058 -1.006285344179033
1 -2.0 5 0.6 5.2737 5.4752 0.676465657213358 -0.7986285810324978 -0.49868711693124806 0.09901805838939248 0.6749821034309158 -0.7827698615746279 -1.5284302906030387 0.4018953767328073 -1.5106250546081785
1 -2.0 5 0.8 5.2992 5.4842 0.6621906223523729 -0.5650624183246784 -0.5712103339508086 0.4318228104394606 0.660471184642124 -0.5446851150633198 -1.2802571136966554 0.7600497435034552 -1.257675942985279
1 0.0 5 0.3 7.1445 7.3828 0.8206579426241349 -0.4541690478661511 0.08333063124232226 0.17564711081552598 0.8195450457837609 -0.4371956606866736 -1.3623572639809112 -0.1290071166187161 -1.344442941456414
1 0.0 5 0.1 7.0751 7.366 0.832382639877697 -1.0336083332603085 0.13333013394182539 -0.4171387327363003 0.8315908176252181 -1.025410657916752 -1.9357453876575281 -0.6700085702118308 -1.9266689220612019
1 0.0 5 0.01 7.0405 7.3545 0.8371483302529845 -2.0762131736429437 0.18024218465341063 -1.4598266368131123 0.8371849769957401 -2.076293859075581 -2.9789971013981402 -1.702100716542243 -2.9791218167281412
1 0.0 5 0.4 7.1807 7.3945 0.8142782358457962 -0.2771352032336307 0.06063722668718166 0.35061129078294395 0.8159695214244845 -0.27250779874606423 -1.1885733721192713 0.033453027922609735 -1.1847377063427604
1 0.0 5 0.2 7.1091 7.3746 0.8268378722208218 -0.6825235829185325 0.10839767529222127 -0.05754625724121709 0.8257822267885224 -0.6676914779160057 -1.587362829223669 -0.3405979954808167 -1.5714683124576156
1 0.0 5 1.0 7.4147 7.5118 0.7582135934271368 0.46341900322078877 -0.21663893903301235 0.9771456399132932 0.8251214734973854 0.17152052350357772 -0.45496075375166445 0.897499174755441 -0.7640676925840246
1 0.0 5 0.8 7.3524 7.4759 0.7768191691434586 0.25899801053435634 -0.042891555817335725 0.7784976387619297 0.812340124034353 0.09714115212343155 -0.6600141193745648 0.5327896174242044 -0.8321029075254494
1 0.0 5 0.6 7.2609 7.4289 0.7986389313752084 0.009569232867144839 0.021814748257154848 0.5982855622931331 0.8103807362472687 -0.041467764022598885 -0.904876876570837 0.29367685557638445 -0.9608057143477717
1 2.0 5 0.3 8.7743 9.1248 0.8975431337492525 0.06089322476454373 0.5129292319565735 0.6249226810998587 0.9066435150647247 0.017648364397988336 -0.9872954671910419 -0.23932430042385366 -1.0270549603572086
1 2.0 5 0.1 8.5613 9.1109 0.9231745730768994 -0.5946453739499493 0.5696760083744924 0.014979914375237824 0.9223538513979537 -0.5679455767742627 -1.6087485334431495 -0.7751471539613499 -1.581578319873727
1 2.0 5 0.01 8.4704 9.122 0.9333723609456004 -1.681929996803867 0.6210634987638061 -1.111951944023119 0.9328614898024128 -1.6686248389968525 -2.6817250834339106 -1.7978403069820574 -2.667843952014638
1 2.0 5 0.4 8.9216 9.18 0.8800722564372536 0.28402311446091755 0.5060781281479687 0.7676671572957503 0.9003867105899968 0.17217089646826178 -0.7819749580857556 -0.10185388509955207 -0.8841737274999728
1 2.0 5 0.2 8.6609 9.1013 0.9104552871036513 -0.2030909186479477 0.5305570957762145 0.4054716252879176 0.9124499584048784 -0.1966002176144399 -1.2366788700629536 -0.44126943853728573 -1.229571855812721
1 2.0 5 1.0 9.3926 9.4709 0.8740174614823063 0.7928842872719114 0.34535781131359855 1.0382898517823271 0.9020567381349596 0.580367782615284 -0.24036852838583211 0.4484092200017997 -0.45507090550866724
1 2.0 5 0.8 9.3298 9.4271 0.8734254427137635 0.6650158309686578 0.4211730648527353 0.9548740068122576 0.9015668565569797 0.4714438891030146 -0.378157955981794 0.25240299299819746 -0.5693175749678918
1 2.0 5 0.6 9.226 9.3591 0.8716418479179742 0.5038193601201892 0.44190342183388065 0.8461295520742071 0.9038478602576481 0.3179295242296678 -0.5465043121731039 0.092348257609153 -0.7246384941936421
1 4.0 5 0.3 10.486 10.9806 0.9240156553208398 0.2126793734434591 0.6327049468171496 0.7098432700199068 0.934778480106973 0.14575608879605628 -0.8892744869729654 -0.29952926840708205 -0.9487138611950447
1 4.0 5 0.1 10.1427 10.9866 0.9571163187666061 -0.4656954606607393 0.6909453987522594 0.09937890725154364 0.9559802951168781 -0.4560028154722533 -1.5210392249817364 -0.8417588670579663 -1.5111056720315386
1 4.0 5 0.01 10.0126 11.0278 0.9694157912365844 -1.5554656091283727 0.7509564767054226 -1.0513890885238275 0.9686768403363928 -1.5700789756885782 -2.590605289400833 -1.8706655307390054 -2.6044178479371674
1 4.0 5 0.4 10.766 11.0687 0.8996647039976606 0.4525889741056759 0.6261788117266511 0.8501271494673786 0.9206064692468612 0.33172527807148966 -0.6760943725243056 -0.1669663874918097 -0.7814635678301123
1 4.0 5 0.2 10.2902 10.9534 0.9418957887565442 -0.06903411192638198 0.6491290125704311 0.492676725138677 0.9449126443249929 -0.08532722588712827 -1.1481278650835902 -0.5025282945117997 -1.1624932250629092
1 4.0 5 1.0 11.3767 11.4513 0.9143267040349585 0.866842278917842 0.519045116130213 1.077142820337769 0.9087971131462891 0.8281963815353797 -0.2122587591838112 0.3065454049052079 -0.25575886682913307
1 4.0 5 0.8 11.3065 11.4003 0.9106001766577176 0.7524703359065411 0.5587396742673355 1.003417847188151 0.903962996386261 0.7161618230062293 -0.337336263605466 0.15450367817911825 -0.38017298067129346
1 4.0 5 0.6 11.1915 11.3224 0.9040025842472279 0.611267315732045 0.5605080052019916 0.9024451809704993 0.9229845800155612 0.47417592954499854 -0.48799944265805983 0.01974029511253672 -0.6167484694268826
1 -2.0 10 0.1 5.5407 5.7644 0.48723517142716244 -1.6081976512531273 -0.4475702633664242 -0.9774161905809138 0.4868024996239295 -1.6072738581741735 -2.115246011655061 -0.6717435469497017 -2.113849853428568
1 -2.0 10 0.3 5.5585 5.7714 0.4493017444874394 -1.0797538994599656 -0.49838540972717066 -0.4212744517856317 0.4474199301443702 -1.0739972545852832 -1.5636093269153912 -0.10430876005160972 -1.5559776537840069
1 -2.0 10 0.01 5.5345 5.7621 0.5205774966054154 -2.6150131409612074 -0.3895301082328242 -1.9995651322190502 0.5204714823380571 -2.61457140249054 -3.1509691895811507 -1.7166548438241875 -3.150400070303581
1 -2.0 10 0.2 5.5489 5.7675 0.4635490333991751 -1.2835267879161776 -0.47411377246530834 -0.6397831614507477 0.4623742474025675 -1.2800699513914064 -1.7744880468026558 -0.3276623142625077 -1.7698010447507544
1 -2.0 10 0.4 5.5681 5.7747 0.43332240464753513 -0.9245622843030865 -0.5265831067902677 -0.24897625963665293 0.43020015296906766 -0.9150288146730559 -1.4008454543945046 0.07347979752121159 -1.3883593304014168
1 -2.0 10 1.0 5.6651 5.8127 0.30493494104483543 -0.21265246747803368 -0.9475420219958156 0.9386228097041369 0.32143299278894516 -0.23384994954847937 -0.6510098718756998 1.435213222610828 -0.6813472395386029
1 -2.0 10 0.6 5.5913 5.7828 0.4088740945779463 -0.6769119400279695 -0.5946948593398875 0.047982113702696116 0.4056339062864063 -0.6638054695592743 -1.1475572378441514 0.3880190723338792 -1.1315909422181631
1 -2.0 10 0.8 5.6217 5.7939 0.372879101913604 -0.4578582120676711 -0.7037484226462486 0.3611509157046675 0.36961437957910515 -0.44234477100370584 -0.9187228164003507 0.736639271337892 -0.900637173974161
1 0.0 10 0.3 7.4964 7.7033 0.6535584056843854 -0.30818085924835104 0.002833337903151101 0.1616881823704397 0.6534288406520405 -0.30028876325653253 -1.125994615020848 -0.1393539459600337 -1.1178133013658638
1 0.0 10 0.1 7.402 7.6787 0.6861954681668776 -0.9021694718028959 0.08028333938714685 -0.43558671687642847 0.6844822479090013 -0.8939942052179115 -1.6695014837291549 -0.6678151580094953 -1.659940360124616
1 0.0 10 0.01 7.3558 7.6631 0.7283841079836549 -1.9389027873863924 0.1473691080626903 -1.4834362746688388 0.7283962848906953 -1.9388521086509278 -2.7154629505289973 -1.6961618115242043 -2.7154259704361206
1 0.0 10 0.4 7.5447 7.7221 0.6343876435792811 -0.12784818278662913 -0.026500023140959755 0.3194818518233802 0.6422158982907354 -0.1424822493809086 -0.9627811853506687 0.012419541437202142 -0.97900914175547
1 0.0 10 0.2 7.4486 7.6903 0.670095863357418 -0.5420043443338158 0.04077862361765827 -0.07065476473868526 0.6680536575235687 -0.5297933712911413 -1.3373015228719751 -0.34371713102263435 -1.3239175263121918
1 0.0 10 1.0 7.781 7.8507 0.539993315325721 0.43840871685675276 -0.44611177333990154 0.7853861694629806 0.6197663269295851 0.24865090504177645 -0.38494544868591873 0.8398525068393017 -0.6060393246434153
1 0.0 10 0.8 7.7237 7.8156 0.5711765467089265 0.3141600563514284 -0.18540954028785805 0.6522194828453842 0.624214082745508 0.17797312251817043 -0.5317736538802693 0.464292110975312 -0.6840690324702683
1 0.0 10 0.6 7.6419 7.7694 0.5992408156885547 0.13635407475284156 -0.08431352633757513 0.5233217735350002 0.6275518496679805 0.06252075082277897 -0.7131665170112234 0.24422897754028483 -0.7935523751939559
1 2.0 10 0.3 9.3062 9.5116 0.7373366687612485 0.31868936102425605 0.45840607525144206 0.6099793171117245 0.7642615341577859 0.21260721290362206 -0.7612246172862376 -0.27532511028884965 -0.860951492224415
1 2.0 10 0.1 8.9419 9.4103 0.8139437358640693 -0.3916788649569438 0.5129656090119935 0.0574189429741645 0.812392124743487 -0.3734351002053511 -1.3860477395815236 -0.7610852132227643 -1.3677624255122032
1 2.0 10 0.01 8.8036 9.4323 0.8642926847882477 -1.540065094927135 0.5966645909368201 -1.1154813043319416 0.8635490054300408 -1.5299455449690968 -2.4654540847707054 -1.783633371793088 -2.4545612855929795
1 2.0 10 0.4 9.4783 9.6102 0.7217584752082566 0.48352647383136493 0.4524603506402196 0.7000409767805726 0.7587151766606346 0.33583222237338917 -0.604691644998768 -0.18035471135019332 -0.7462026048987012
1 2.0 10 0.2 9.1105 9.4312 0.7691341429186827 0.049131304660533726 0.4704863147168977 0.42891371173776993 0.7809045275428408 0.00841132687370405 -1.0042130618705345 -0.44218121836694646 -1.0412716164037468
1 2.0 10 1.0 9.7908 9.8321 0.7073665409516858 0.799012118189981 0.22590915307255433 0.8860365537738601 0.7517091828134441 0.625455230440793 -0.25773362798560484 0.28469009453320826 -0.4319487463456948
1 2.0 10 0.8 9.7518 9.8024 0.712531570087545 0.7227447415895485 0.36573972082274087 0.8198538311644206 0.7567978418333813 0.5459920909089935 -0.34335402783246494 0.07142129832811062 -0.5187614120086694
1 2.0 10 0.6 9.685 9.7538 0.7148951928085888 0.6159758423589117 0.41179331899758687 0.7450783988536989 0.760841385796111 0.4372412367641296 -0.455990558255583 -0.06246385791344622 -0.6326115776695094
1 4.0 10 0.3 11.1856 11.4146 0.7601785029967616 0.47329214450613644 0.5746565251133593 0.6917174522473464 0.7846202436973896 0.36852839519390046 -0.6736777374018716 -0.3330634253244753 -0.7716888644944886
1 4.0 10 0.1 10.5723 11.267 0.8475404183562415 -0.26800418103833623 0.6242184160215479 0.1553878139072289 0.8464349964190635 -0.25842286074802345 -1.3265473349098187 -0.8158618112406248 -1.3168929544358479
1 4.0 10 0.01 10.3814 11.3397 0.9067402439420886 -1.4443903057360685 0.7212270901144 -1.050886883154697 0.9054419538110179 -1.4434487976525208 -2.4152432335091083 -1.8484427642992047 -2.4130244217434944
1 4.0 10 0.2 10.8465 11.284 0.7922273151099689 0.2016679334598186 0.5840245229503271 0.520685556924726 0.8073008601753371 0.1401213710926994 -0.9204112016813459 -0.4930503541018485 -0.9762424475139246
1 4.0 10 0.4 11.4681 11.5839 0.747059671300796 0.6229724822095295 0.5714782471786732 0.7449792042512222 0.7923112648342534 0.44841076592627327 -0.5284945416883104 -0.26522088599847127 -0.6948817166332617
1 4.0 10 0.8 11.7403 11.7849 0.7518529940783539 0.8160210448076396 0.5311289413932492 0.8765082253726852 0.7737905328374575 0.717258967920594 -0.31665826222395044 -0.05465187019561224 -0.41067456658886936
1 4.0 10 0.6 11.6787 11.7386 0.7527326827013299 0.7104226732351593 0.5544752439446057 0.7916066577682147 0.7867594858608725 0.566260363339234 -0.4226578420525584 -0.16886309279286227 -0.5606743433955605
1 4.0 10 1.0 11.7846 11.8216 0.7575409467685831 0.8641248470009243 0.4364982442604509 0.9197798612611903 0.7654715285875356 0.8040915945139218 -0.25193923200408896 0.10585982885533873 -0.3067332930253155
1 -2.0 20 0.1 5.8449 6.0669 0.24767010524849553 -1.534379826922901 -0.46926932683813727 -0.9921519614545569 0.24702619429296863 -1.533030364087096 -1.806167461298121 -0.6734483623854626 -1.8042276355520483
1 -2.0 20 0.3 5.8657 6.0751 0.20047438136239926 -1.008743820551856 -0.5278938425941484 -0.44114608813893663 0.19798996871349184 -1.0019886210497504 -1.2629767550070214 -0.11181229684005523 -1.2541511510551278
1 -2.0 20 0.01 5.8376 6.0641 0.31282202696111766 -2.5371547521656197 -0.4031510617762842 -2.0111664756051475 0.3125816000710798 -2.536319416730751 -2.8559516704886514 -1.717033397068609 -2.854865156822199
1 -2.0 20 0.2 5.8547 6.0707 0.2174796920922012 -1.2110295584541764 -0.4996746403173975 -0.6567206305349786 0.21599146694971527 -1.2070628452233036 -1.4685471213475774 -0.3318743407744673 -1.4632633161435393
1 -2.0 20 0.4 5.8768 6.0789 0.18638502126448592 -0.8554746358538601 -0.5590796168773081 -0.2721220634880064 0.18298966766608665 -0.8454966004204529 -1.109569470550558 0.0624263325401726 -1.096922769090634
1 -2.0 20 1.0 5.9808 6.1205 0.04122164717055066 -0.16721544196265925 -1.0294444175890645 0.8409393124303072 0.05916901399008301 -0.19419307033528632 -0.40643585042969743 1.3860083472524387 -0.44170141766770676
1 -2.0 20 0.8 5.9361 6.1006 0.11590152235299411 -0.39787955361024063 -0.756857596249445 0.31163423291469905 0.11362387780320052 -0.3861490602309672 -0.6536120136796812 0.706690946480621 -0.6403808574421799
1 -2.0 20 0.6 5.9034 6.0886 0.15782181442316917 -0.6116639973470026 -0.6355460411808924 0.016418539455580694 0.15402750987648683 -0.5986586004459891 -0.8689610235957144 0.3699489275042298 -0.8533139222848938
1 0.0 20 0.1 7.7165 7.9857 0.5500368133320611 -0.844917864294245 0.05414949046718048 -0.4444433487325503 0.5480289653302126 -0.8363854043477008 -1.4949643631834615 -0.6689264060352436 -1.4851147885180662
1 0.0 20 0.01 7.6641 7.9679 0.6170959644759783 -1.8829655478672487 0.13073967007098974 -1.4955560192070216 0.6170435589085261 -1.8825744685984003 -2.542845351936461 -1.693447035834116 -2.542399588005728
1 0.0 20 0.2 7.7694 7.9988 0.5267028035524992 -0.4797077965465142 0.006535878375423659 -0.07771869292043099 0.5243481271421252 -0.4680360349105366 -1.1718479105836295 -0.34807910453042545 -1.1592058303731383
1 0.0 20 0.3 7.824 8.0154 0.5018976403439002 -0.24195054327422905 -0.03610041489959523 0.15014284353384233 0.503069444577058 -0.23980377829361754 -0.9672320729198614 -0.15002390881440775 -0.9650347062100568
1 0.0 20 0.4 7.8769 8.0376 0.4774398285488325 -0.06730763495635483 -0.06752803718576991 0.29841743548045385 0.48705178530095516 -0.08880433132449705 -0.8141452807057981 -0.006184947862469592 -0.8373457616877173
1 0.0 20 1.0 8.1005 8.1623 0.37872508047516545 0.41442443764766956 -0.5070039660768808 0.7431325798966675 0.44759048064282037 0.27028201901019355 -0.3193935249323099 0.8062693536085215 -0.495588843353457
1 0.0 20 0.8 8.0484 8.1298 0.41010791435743243 0.31442615971928545 -0.237879385705269 0.6056722343438503 0.4575161101683204 0.20323994678933155 -0.44036367118204556 0.4239898949826104 -0.5694630912856198
1 0.0 20 0.6 7.9738 8.0866 0.4389316314790914 0.16776288523820782 -0.1306955650461887 0.4850917397758008 0.46700307887422277 0.09788989549039795 -0.5925551372598195 0.21164356296257747 -0.6703926798176161
1 2.0 20 0.3 9.7025 9.8583 0.6488864080302714 0.38193507004302774 0.43115951930394636 0.5953430285480956 0.6728648729813653 0.27689188975409906 -0.6828692946134911 -0.3019760657940598 -0.7837679199594687
1 2.0 20 0.1 9.2884 9.7117 0.7316661260122488 -0.29123597222376163 0.4819892786713472 0.08058952930948182 0.7311073321644108 -0.28106640717491915 -1.2685063956821203 -0.7556400088962301 -1.258174838115866
1 2.0 20 0.01 9.1206 9.7379 0.8042851509681804 -1.4789619876598479 0.5846103532969713 -1.116617241482049 0.8034416789160567 -1.4703659256042523 -2.34505080621876 -1.7770389147440104 -2.3356761758706925
1 2.0 20 0.2 9.4961 9.7571 0.6758291212721471 0.14897506664764548 0.44159194012365555 0.4343916904311289 0.6894562588246093 0.09282507137497342 -0.8948428429279822 -0.45033725013571324 -0.9467348126471693
1 2.0 20 0.4 9.8927 9.9859 0.6346332243007339 0.46930016839581534 0.38729330912236415 0.6216145105327047 0.6694348424306081 0.33497097356375405 -0.58331450794876 -0.21922243892880555 -0.7189737363205166
1 2.0 20 1.0 10.1361 10.1654 0.6316328986495965 0.7147230496636741 0.15661458455510674 0.822058572592761 0.6648879864600167 0.5978453125569139 -0.33103097272057713 0.22223877022615568 -0.4534998578538838
1 2.0 20 0.8 10.095 10.1327 0.6331925502330983 0.6752671310330132 0.3229698828997155 0.7735980239931136 0.669104971005134 0.5465221828645292 -0.3814030387065541 0.002135886508244589 -0.5153444051301665
1 2.0 20 0.6 10.0294 10.0821 0.6316426279449738 0.6050026354748805 0.3774843965367288 0.7170089057392101 0.6689926160091407 0.4650224517720325 -0.45533228829179606 -0.1157529852589434 -0.5988664330930558
1 4.0 20 0.3 11.6212 11.7803 0.6852493251585673 0.5202775432595663 0.5448583071545611 0.674563700718299 0.7036383672402202 0.4279899309595099 -0.6183964640508135 -0.3583065560216321 -0.7067009228501178
1 4.0 20 0.1 10.9453 11.5601 0.7693647365681076 -0.16320394052950782 0.5904926480897421 0.18008323456107567 0.7701302320640442 -0.16156784341814667 -1.2216028301910349 -0.8048034024018476 -1.218968995684067
1 4.0 20 0.01 10.7132 11.6458 0.8561091087998421 -1.395027123713885 0.7070479178069894 -1.0496977890405617 0.8547517095033336 -1.3879639869845979 -2.3175293742155825 -1.8383570580501463 -2.309306455493452
1 4.0 20 0.2 11.285 11.617 0.7087663560573578 0.29783858154730525 0.552998469466578 0.5269839007746846 0.723550310380893 0.22718104116292248 -0.8240550207071102 -0.49660715375333364 -0.8892503593852394
1 4.0 20 0.4 11.8852 11.9653 0.6771243268417656 0.5726558396522661 0.5064431192287477 0.6777495582112634 0.7136325497150287 0.4227681911717349 -0.5501001985294112 -0.2982418660344006 -0.6993492096721043
1 4.0 20 0.8 12.096 12.1275 0.6867951916380431 0.7348565672966044 0.4736584270543973 0.8039292291541452 0.7120664381311025 0.6393979909033636 -0.3888322100536925 -0.12514786058618288 -0.4858432903814558
1 4.0 20 0.6 12.0261 12.0708 0.681025218216142 0.6893731764709314 0.5131754694491484 0.7618567030786748 0.7124856069698822 0.5685362479937088 -0.4420812144534656 -0.2192280056480369 -0.5647253305403224
1 4.0 20 1.0 12.1306 12.16 0.641195276261274 0.7226002067868359 0.19986566714493026 0.8432618669774453 0.6490981818380489 0.6840320348287328 -0.323332555818749 0.20215891175677037 -0.3620205392934004
1 -2.0 50 0.1 6.2464 6.4663 0.025883471975451267 -1.47494687493081 -0.4812104093827426 -1.001900173773569 0.024893045778427325 -1.4720309534319445 -1.544985518242231 -0.677031786424485 -1.5412636190380518
1 -2.0 50 0.3 6.2694 6.4751 -0.018364727057188474 -0.9514010119589307 -0.5413640063591324 -0.4562304203321237 -0.020885570841778472 -0.9427709226702274 -1.0150894496110556 -0.1243460711838722 -1.0046876701446772
1 -2.0 50 0.01 6.2379 6.4631 0.09840155700382824 -2.4769544792712317 -0.41130068419176585 -2.018535091639351 0.09785998348987957 -2.4749289227116673 -2.5898172058404985 -1.7179312075563375 -2.587284761074085
1 -2.0 50 0.2 6.2574 6.4706 -0.0016862913706768567 -1.152455079705755 -0.5121186667209188 -0.6688490714789654 -0.003305773085369723 -1.1471393926967373 -1.215163996649376 -0.33962415649791744 -1.2086131692219126
1 -2.0 50 0.4 6.2823 6.4798 -0.03269563278870351 -0.7987371828307224 -0.573101767189989 -0.28992062421226006 -0.03583695672894911 -0.7872951135504092 -0.8663624128502372 0.045601474839522815 -0.8528997628393755
1 -2.0 50 1.0 6.3902 6.5234 -0.17070312393551018 -0.13695588438125106 -1.0527694836473414 0.7516217620909617 -0.15551304692756784 -0.16416430784005853 -0.21043686680199425 1.3112281921147058 -0.24363685352998132
1 -2.0 50 0.8 6.3463 6.5038 -0.1032797632453502 -0.3483181289604931 -0.7721607846071871 0.2657972586118498 -0.10460643433847458 -0.3386398672278903 -0.4318235741026397 0.6604403998402173 -0.4213642330245415
1 -2.0 50 0.6 6.3111 6.49 -0.062421755781099084 -0.5576466845679329 -0.6504709616373516 -0.010766385311615778 -0.06580096557675237 -0.5439642424921318 -0.6344826442590712 0.34123358214874155 -0.618976226669953
1 0.0 50 0.1 8.1236 8.3873 0.4174832023917714 -0.80868212743061 0.03964541582497369 -0.44969735766986063 0.41551349765300316 -0.7990383095438209 -1.3431830866344274 -0.6719537478434514 -1.332548116818356
1 0.0 50 0.3 8.2392 8.4206 0.35767074452061487 -0.2024830058469098 -0.0549036261158164 0.1415452120005829 0.3593085557772149 -0.20310062102192772 -0.8245142058572617 -0.16321038498336282 -0.825002823156975
1 0.0 50 0.01 8.0675 8.3685 0.4938538313174349 -1.8484423430260357 0.1211127905511501 -1.5029700519700702 0.49357316961614994 -1.846940829253908 -2.3856500476751075 -1.6923031526484715 -2.383877165672665
1 0.0 50 0.2 8.1812 8.4018 0.38827661463478336 -0.43979622215668246 -0.01154795300113759 -0.08148601821987245 0.38597328468213715 -0.4277084071474364 -1.024295212718247 -0.3551145877190205 -1.0116296810560481
1 0.0 50 0.4 8.2939 8.4443 0.3314293139420627 -0.035098498669486666 -0.0854894679036793 0.2837166743780264 0.34018788289496155 -0.058554254710102116 -0.6788867222294668 -0.025970447439548572 -0.7032849666071916
1 0.0 50 1.0 8.5086 8.5662 0.2398952061969773 0.4057146034308279 -0.5120843453416544 0.7050951845205329 0.29293621575952816 0.279671958176714 -0.23819619773029377 0.746200794840171 -0.3896073939830371
1 0.0 50 0.8 8.4594 8.5351 0.2685041909220697 0.31491647269661005 -0.24776767907976527 0.5755838306280403 0.30534442471044415 0.21579935469352307 -0.34363692898378684 0.376698326014119 -0.4565163948685793
1 0.0 50 0.6 8.389 8.4937 0.29511233487683697 0.18248048559405006 -0.1462549383598888 0.4609757865816959 0.3179449645548612 0.11681588847174251 -0.47768986763309673 0.1783387921201811 -0.5492169725373213
1 2.0 50 0.3 10.1501 10.2814 0.5819542800379975 0.40739549680794873 0.4157554701542081 0.5870067249217388 0.6005647061061601 0.30758173263144406 -0.6328287313098055 -0.321783081898225 -0.7289112412705716
1 2.0 50 0.1 9.7174 10.111 0.6626094467741965 -0.23078241374788444 0.46406343604146205 0.09345400554401384 0.6628382016193696 -0.2257623469710468 -1.1846750775179675 -0.754364947626402 -1.179221167457147
1 2.0 50 0.2 9.9446 10.1723 0.6045074980949661 0.19721351080824423 0.4252222396526235 0.436401698483486 0.6167225002762894 0.1366623665230957 -0.8227143242195778 -0.4588059407624021 -0.8788606867567701
1 2.0 50 0.01 9.5291 10.1387 0.7491843883812306 -1.4436814766771804 0.5777648178540523 -1.1171705582792641 0.7483265028277386 -1.4350650521857509 -2.256591569311124 -1.773554946511089 -2.2472640958697676
1 2.0 50 0.4 10.2991 10.3967 0.5124503910999691 0.40534158294888667 0.2851812858954362 0.5877554269409806 0.5340265544040042 0.3118254516511365 -0.5487728339456126 -0.17509796235248043 -0.6433185870687055
1 2.0 50 1.0 10.551 10.5762 0.5395848026934326 0.6669442292562469 0.09508635066408591 0.8010480337964303 0.5644915971171655 0.5758128094874155 -0.33824855437976087 0.2139498139874938 -0.4370394593242022
1 2.0 50 0.8 10.5008 10.5396 0.49694453082007817 0.6045109101250041 0.1866743359166541 0.7450110446562597 0.5218574776074248 0.5075880869429197 -0.3535665651815574 0.06992460859198957 -0.4564680578213638
1 2.0 50 0.6 10.4314 10.488 0.5006549981965223 0.5338377161262255 0.25135555797995074 0.6852726710597781 0.5251332578724401 0.43242847221412606 -0.42375180244561506 -0.05193000825323146 -0.5292338402949639
1 4.0 50 0.3 12.0815 12.211 0.6339726791042138 0.5356933682985587 0.5267880229243397 0.6655923751560691 0.6468922997226974 0.4522249127847908 -0.5891021437304564 -0.37509782162878214 -0.6691458685551064
1 4.0 50 0.1 11.3905 11.9544 0.7108526711330118 -0.10158398029965654 0.5704324635280835 0.1945961814975612 0.7125975304403268 -0.10489622417291145 -1.1522796911146633 -0.7998219748398032 -1.1540058179749542
1 4.0 50 0.2 11.7617 12.0385 0.652091778417799 0.3418079301962125 0.534631383298612 0.5293407551556171 0.6641741800514294 0.2704462617518302 -0.7679765850048703 -0.5018029275058682 -0.8341986283047316
1 4.0 50 0.01 11.1294 12.0466 0.8142368521219355 -1.3659629180446358 0.6989678612864352 -1.0486639261647166 0.813027896901007 -1.3548735127172946 -2.2492522301180315 -1.8328230115465933 -2.237297764265615
1 4.0 50 0.4 12.285 12.3731 0.5551561954376361 0.5002606677180541 0.37870149289415017 0.6500669454441701 0.5690626949951595 0.42967063387192694 -0.5190311964323371 -0.221085868606262 -0.5897902431862194
1 4.0 50 1.0 12.5533 12.5739 0.6076557258177115 0.7179291442024613 0.26783121030043744 0.8257104160657825 0.6189488550808427 0.6620956005475682 -0.36894105078007833 0.05711719053992059 -0.42595400222662594
1 4.0 50 0.8 12.5031 12.536 0.5504444872323048 0.6631808854525989 0.2998234532548337 0.777722016609907 0.560601212584059 0.6154510075725665 -0.3609476560889844 -0.01806163435462871 -0.41041363859385793
1 4.0 50 0.6 12.4342 12.4816 0.5551315157239494 0.6076815591717275 0.35902381210853923 0.7272247374744173 0.5690279030038485 0.5420527084636968 -0.42076281941831084 -0.12753541089560638 -0.4884977324548485
1 -2.0 100 0.1 6.5509 6.7687 -0.09401144882402687 -1.44206310916929 -0.48378289431386046 -1.0060590529355051 -0.09531628434548921 -1.437229237136673 -1.4092472052769134 -0.680601122955018 -1.4034336647932264
1 -2.0 100 0.3 6.5758 6.7783 -0.13552071208206237 -0.9187062340111118 -0.5419327717551903 -0.46308514762154274 -0.13819020698468176 -0.9077128998409185 -0.8852146710252287 -0.13466906723849892 -0.8725692256931152
1 -2.0 100 0.01 6.5417 6.765 -0.022754433414268235 -2.44472045721409 -0.4133961110690198 -2.022006477633375 -0.023691843375705304 -2.4407153430813784 -2.449151236432943 -1.7194096998547472 -2.4443242554882785
1 -2.0 100 0.2 6.5629 6.7733 -0.11949919766819893 -1.1195877512429349 -0.5137778067502361 -0.6742418487257373 -0.12148847652734299 -1.111762170094811 -1.0829607883599195 -0.34642415038858143 -1.0737662658383291
1 -2.0 100 0.4 6.5888 6.7828 -0.14942760064963306 -0.7669316073027972 -0.5722236760564696 -0.2990727164529543 -0.15254041223758116 -0.7535164225120174 -0.739093769805935 0.03116975842006564 -0.7239638521432763
1 -2.0 100 1.0 6.6987 6.8278 -0.27867707789916596 -0.11926295910278162 -1.0414372934287124 0.692367958455328 -0.26546860298507047 -0.14577095788550065 -0.10698392885630703 1.2436710435489822 -0.13811089942877786
1 -2.0 100 0.6 6.6193 6.7939 -0.17920966199228444 -0.5265538822086062 -0.6463342748883676 -0.02545566196091653 -0.1825436659164107 -0.5111525789342382 -0.510464865912736 0.31728563223638684 -0.4936018451847355
1 -2.0 100 0.8 6.6552 6.808 -0.2188035659961277 -0.3207108433542756 -0.7621750747925098 0.2383023395480406 -0.21978873788226877 -0.311213049312449 -0.3144909426891589 0.6208684897810861 -0.30444349730511355
1 0.0 100 0.1 8.43 8.6904 0.34044855189759865 -0.7932087683436715 0.03644337556280847 -0.45114129802327274 0.33837123596951296 -0.7817851542122287 -1.25907720394288 -0.6750287742223318 -1.246792109115673
1 0.0 100 0.3 8.5482 8.7249 0.2762087742662591 -0.1872212523011143 -0.056975914245499554 0.13822949351686953 0.2776660287134036 -0.18760330389881252 -0.7435542356406373 -0.17273964111062678 -0.7436988389774184
1 0.0 100 0.01 8.3723 8.6709 0.4179569402959228 -1.8340982904934011 0.11863492089794983 -1.505682426781439 0.4173516481661723 -1.8307844762691114 -2.297649532223174 -1.69276708488111 -2.293768524321199
1 0.0 100 0.2 8.4891 8.7052 0.30825494368505035 -0.42344013291398874 -0.014929430342382102 -0.08259245895644218 0.3058230158718696 -0.4098090358355917 -0.9409679636262824 -0.3610079308428107 -0.9269763932377391
1 0.0 100 1.0 8.8134 8.8694 0.16636177716996864 0.40365186347857285 -0.48178762659886154 0.6841209609753236 0.21103042755795226 0.2830733077430785 -0.18340865070332324 0.6884096821989858 -0.324394454322813
1 0.0 100 0.8 8.7655 8.839 0.19230111851173654 0.31595588199015356 -0.23270919088698916 0.5624840848945485 0.22345257438076777 0.2207667112272811 -0.2822995463910747 0.34005275511181665 -0.38804275006055633
1 0.0 100 0.6 8.6968 8.7983 0.21679916259380355 0.1881153880347881 -0.14061401864503784 0.4512449887496002 0.2364981865698737 0.12450738345298795 -0.40919107769907104 0.15481469921509206 -0.4769405843153267
1 0.0 100 0.4 8.6029 8.7491 0.2508355147967514 -0.02303128518573927 -0.08544037689774454 0.2779610947113176 0.2586352064886821 -0.04609685846547951 -0.6020657233743689 -0.03981924711981488 -0.625491964196633
1 2.0 100 0.3 10.4673 10.5909 0.5475045634601734 0.41469449212670795 0.41257133366083076 0.5843116301934961 0.5636474105335858 0.31729409661134533 -0.6057411997571389 -0.33114840691431713 -0.6992940205006954
1 2.0 100 0.1 10.0305 10.4129 0.6259149960175447 -0.21024879068513225 0.45904938797530037 0.09776742488343193 0.6262482794681059 -0.20596363789174066 -1.1436341627385396 -0.7551902375368913 -1.1388994754995307
1 2.0 100 0.2 10.2632 10.4797 0.5684924306107406 0.21204470427127253 0.42139524182606647 0.43695358639615534 0.5797377176107258 0.15118643039007051 -0.7877242513815839 -0.4638708472350377 -0.8441718953251369
1 2.0 100 0.01 9.8355 10.441 0.7173724522705925 -1.4311762569200457 0.5759243691708836 -1.1174063325720136 0.7164264083475349 -1.421193406410912 -2.213418099382184 -1.7728916854203787 -2.202695109924954
1 2.0 100 1.0 10.8575 10.8807 0.4994189345370601 0.6643461527530008 0.11746113030523997 0.7934183791353224 0.521203476245531 0.576391951509077 -0.32654583276842164 0.16393291536250665 -0.4222514268252491
1 2.0 100 0.8 10.8078 10.8446 0.4509042091336162 0.602087817398161 0.19504951553532085 0.7384807109377806 0.4713752183123029 0.5089655066361991 -0.3306483648673293 0.039205191714999366 -0.42851429214822545
1 2.0 100 0.6 10.758 10.7998 0.527716227756094 0.5975341625687849 0.35940748957377433 0.6983841102721606 0.5510000124592458 0.48275801765816473 -0.42503351838621395 -0.17097122939185994 -0.5436166212325722
1 2.0 100 0.4 10.6347 10.7095 0.5281932143354785 0.4847952527044346 0.3688649132861456 0.6090606183872844 0.5527821191730481 0.36717086925408227 -0.5230971931952348 -0.25938261800952844 -0.6433955449724937
1 4.0 100 0.3 12.4023 12.5228 0.6090364345382369 0.5400049482012179 0.52172846256327 0.662919832389018 0.6199008360222463 0.459362187228497 -0.5732690367246285 -0.38257800627595007 -0.6505699065246509
1 4.0 100 0.1 11.7089 12.2545 0.6830500753319979 -0.08133835145095536 0.5643582341276336 0.1994141350728389 0.6849205298811477 -0.08538082266458158 -1.121465483773357 -0.7990540992571171 -1.1238587130288513
1 4.0 100 0.2 12.0889 12.3481 0.6258383949845615 0.35479914551827396 0.5294596063665894 0.5300641179816603 0.6366431859646241 0.28404728158449055 -0.7434782616173621 -0.505190277783008 -0.8092573952575144
1 4.0 100 0.01 11.4382 12.3487 0.7921225990389416 -1.3555448810747113 0.6966178720009467 -1.0482587783188706 0.790919793385202 -1.341970827219552 -2.217984677295151 -1.8313502091256977 -2.2036388994228338
1 4.0 100 1.0 12.8597 12.8784 0.5737551108396697 0.7153184312395025 0.2810182620708639 0.8195170083597465 0.5843453473594934 0.6583998133132549 -0.3644903687654324 0.016360026593938315 -0.4234222754545547
1 4.0 100 0.8 12.8093 12.8405 0.5082785229038361 0.661016865970208 0.3002443585534187 0.7727629367710473 0.5167127743498909 0.6147585216512674 -0.342649408507671 -0.04077430411728766 -0.3902649805452105
1 4.0 100 0.6 12.7552 12.7896 0.5970955332111135 0.6749541214038901 0.48093782656371253 0.7444772382754632 0.6159556177335271 0.5746435452474012 -0.43704706653026104 -0.2611254316623697 -0.5401771610912709
1 4.0 100 0.4 12.6272 12.69 0.5937725131840573 0.5808954656353797 0.48159692631089124 0.6668816003501008 0.6183806970183154 0.4511740598276246 -0.5174191936163952 -0.3315445968241182 -0.6493668109468977
1 -2.0 200 0.1 6.8579 7.0719 -0.18866546550763877 -1.4134974513656984 -0.4828790431077864 -1.0093606608950056 -0.19081666200911052 -1.4040857047464346 -1.3031260087586238 -0.6856881659833967 -1.2922217765763895
1 -2.0 200 0.3 6.8839 7.0819 -0.2279675356964127 -0.8905680192457741 -0.5377204911995731 -0.4689492110398896 -0.23112665506874372 -0.8751418439037788 -0.7833046439580551 -0.14685742334513563 -0.7661578762933452
1 -2.0 200 1.0 7.0077 7.1323 -0.3613890558023486 -0.10334010290615803 -1.0121192586412655 0.6314209744414516 -0.34995995006005615 -0.12814077789662748 -0.025244759484786883 1.1621843847946391 -0.05350592752488392
1 -2.0 200 0.4 6.8976 7.0867 -0.24172425961082256 -0.7390537185549071 -0.5657878764320694 -0.30659346319343883 -0.2452939074867047 -0.7212077919014674 -0.6382458808070552 0.015086669159571464 -0.618727354688736
1 -2.0 200 0.8 6.9649 7.1125 -0.3080528652963631 -0.2976359500950174 -0.7408502683761005 0.2135295801984105 -0.3091734440010401 -0.28638136812473247 -0.22223993919185414 0.5763789872058847 -0.21048903076854852
1 -2.0 200 0.6 6.9289 7.0982 -0.270805327759129 -0.500029390247309 -0.634391531755138 -0.03829956494925524 -0.27455155866451897 -0.48061208757079155 -0.41252153251628165 0.2904344343641476 -0.3917953004024888
1 0.0 200 0.3 8.8561 9.0286 0.20964894216423907 -0.17733219335907702 -0.053312448692169466 0.13614076540588704 0.21061155559905248 -0.17572476973890327 -0.676716457905135 -0.1830353254044148 -0.6747907751408402
1 0.0 200 0.1 8.7376 8.9935 0.27561703151897227 -0.7818818410052801 0.037057343108716445 -0.4518665322801676 0.27304981735461786 -0.7663978964894278 -1.1893371603540626 -0.6792468732555426 -1.1729944954329579
1 0.0 200 1.0 9.1173 9.1721 0.10834092415757465 0.4033272931219505 -0.43081702161720076 0.665789483725989 0.14701548374001405 0.28587166754348803 -0.1349261707289955 0.6182646992022702 -0.26865016998486
1 0.0 200 0.8 9.0702 9.142 0.13153972323816657 0.3172287383756065 -0.20596119250101375 0.5530758566777481 0.15853456899547458 0.22478938172048535 -0.22912170706599255 0.3003822863248615 -0.3293896598846837
1 0.0 200 0.6 9.0031 9.102 0.15356270578089704 0.19210222371279806 -0.12681049618958018 0.44484520189655163 0.1707142419707941 0.13068646516481075 -0.3508041819602088 0.13068340718123572 -0.41479014037387607
1 0.0 200 0.4 8.9105 9.053 0.18526611806549048 -0.015260447554322099 -0.07907992831900733 0.27429022721560314 0.19196070196617193 -0.03643951816500057 -0.5380486790682752 -0.054046645311629504 -0.5590557450444749
1 2.0 200 0.3 10.777 10.8964 0.5200487245785111 0.4182798210349157 0.4135603083014905 0.5828840499892924 0.5345510596339453 0.32259018243727766 -0.5822694349547941 -0.33871035375060643 -0.6738029292077217
1 2.0 200 0.1 10.3403 10.715 0.5960447874498526 -0.19931252849841785 0.4578038622343925 0.0999519567719569 0.5961503727479387 -0.19331932565264887 -1.1113834891040693 -0.7570051312707733 -1.1051072371196975
1 2.0 200 1.0 11.1567 11.1811 0.437632350695784 0.6524783908657343 0.11014808013403041 0.7883567842732659 0.45722162464414096 0.5672653796322784 -0.2843105265318515 0.1594313598656072 -0.3769090323014126
1 2.0 200 0.8 11.1246 11.1537 0.4768969527782876 0.6249711737728274 0.29160430851964764 0.7378567936614616 0.49761334502860755 0.5299278969124681 -0.35442162228811025 -0.07162707020223635 -0.45639707883253866
1 2.0 200 0.6 11.063 11.1034 0.4997194102577738 0.5969883717413027 0.36588004185627593 0.6958844158322763 0.5204522862035329 0.48489091868208023 -0.40726069113774077 -0.18781214912296118 -0.5227396852603814
1 2.0 200 0.4 10.9408 11.0132 0.4996065367450898 0.48728041576721615 0.37231650043029574 0.6086266926867205 0.5221349043681257 0.37243536003662325 -0.5006590577218448 -0.2699906386841633 -0.6180246086473504
1 4.0 200 1.0 13.1593 13.1793 0.5119481180960894 0.701574187556786 0.24911013059086745 0.8149458743336737 0.5190919646769131 0.6580573140673438 -0.32323876636281135 0.03740592547088273 -0.3685352855790578
1 4.0 200 0.8 13.1269 13.1502 0.5551241775565443 0.6838168598324195 0.4158702511735397 0.7727740495999174 0.5688676816149901 0.6088379927605789 -0.3906697052787962 -0.1736395310117036 -0.4692789085884952
1 4.0 200 0.6 13.0602 13.0932 0.5762915974857733 0.6737968404176515 0.48286888108253523 0.7423870754874787 0.5931099195057623 0.575501152501855 -0.4271567336521418 -0.2735430796395848 -0.5282171949085805
1 4.0 200 0.4 12.9336 12.9942 0.5732564735060449 0.5828752035300209 0.48249228087123996 0.6661185510377394 0.5960128792496237 0.4557336184522234 -0.5034217052690435 -0.34016705579596085 -0.6331561866872377
1 4.0 200 0.3 12.783 12.8823 0.5843970881016797 0.5317952157736636 0.5025255035183099 0.6194990810504195 0.606443207382606 0.3951779941979894 -0.5609103623086602 -0.4035679149382272 -0.6957355291228415
1 4.0 200 0.2 12.5769 12.7684 0.5803108388271772 0.3240372721401372 0.4661395335853966 0.45996707032109696 0.6093522811367267 0.1875965235770305 -0.7216778304669784 -0.4963955153889277 -0.85777730562386
1 4.0 200 0.01 12.1028 12.739 0.6725138852130838 -1.4102069674164943 0.5563429673307031 -1.1148977523658512 0.6714173136308468 -1.4014086259539666 -2.1481940295074393 -1.75091841703028 -2.138562156117845
1 4.0 200 0.1 12.2152 12.6358 0.6410114853517457 -0.02467179845514078 0.5184588588755359 0.15777183090306335 0.6659027384236074 -0.14184588157249567 -1.0385603367791871 -0.7816304070189624 -1.1461583019567874
1 -2.0 400 0.1 7.171 7.3772 -0.2661687422398463 -1.3859696865410458 -0.4781962933747879 -1.0130466865866408 -0.2699348416041901 -1.3666174547914454 -1.2145893111981314 -0.693757695590552 -1.1928124496077759
1 -2.0 400 1.0 7.3195 7.4379 -0.4286877807880073 -0.08773098450784067 -0.9601530761175988 0.5609137552176071 -0.41955780339855153 -0.10654149931372459 0.04292801124620471 1.056726705146379 0.02168582767455085
1 -2.0 400 0.3 7.1971 7.3872 -0.30368618948137005 -0.8638869614133784 -0.5287029598288016 -0.4753597956025579 -0.308198207889792 -0.8384965211954787 -0.6982333116846284 -0.16272399273265048 -0.6707030486055032
1 -2.0 400 0.6 7.2427 7.404 -0.3455288992434845 -0.4749793445407515 -0.6153078523017843 -0.05155138861933217 -0.3505065488708315 -0.44667455879658013 -0.3309494586987469 0.25828213395237487 -0.3013379159508318
1 0.0 400 1.0 9.4211 9.4746 0.05972129485544991 0.40354996708508595 -0.35797419820875204 0.6490010590646011 0.09366947023998468 0.2891659135835949 -0.09121656585386528 0.5297058735769533 -0.21845924147913465
1 0.0 400 0.6 9.3097 9.4057 0.10042357009360506 0.19518977751233613 -0.10642866839901527 0.43997102009504285 0.11499216954135519 0.13846991170658396 -0.29986903126147446 0.10356071173406445 -0.3578936276964386
1 0.0 400 0.1 9.0501 9.2982 0.2195946777666974 -0.7713482886871297 0.04155207957949045 -0.4524284434382324 0.2158562813370783 -0.7468979166148635 -1.1281643495161893 -0.6860414631030336 -1.10274169008989
1 0.0 400 0.3 9.1664 9.3331 0.1531226518199567 -0.1692553455179544 -0.0448314054004519 0.13444962166651497 0.1527544253555867 -0.16108626822100902 -0.6188228864239793 -0.19573523214659883 -0.610450099130416
1 2.0 400 1.0 11.4537 11.4804 0.375184877428392 0.6456552811243506 0.12253455471462027 0.7837545049907308 0.3902788682725541 0.5607911515161614 -0.23245568177789355 0.13938124516577322 -0.3206771442028922
1 2.0 400 0.6 11.3663 11.4058 0.4762930364031086 0.5968248168776145 0.3768532027569467 0.6942770595347576 0.4953598413278295 0.48618146246998384 -0.3891222672553729 -0.2044170383800914 -0.5025967481822144
1 2.0 400 0.3 11.1128 11.2441 0.40254149556512986 0.2880394153832695 0.2916514919916599 0.4883200036860702 0.41393771914387345 0.22409991512395244 -0.5587368327837083 -0.28482648668357236 -0.6200136036639723
1 2.0 400 0.1 10.8042 11.1242 0.4826105770644019 -0.33001906002008474 0.34922694078627653 -0.024610305551375333 0.47953097937465283 -0.3055659206406258 -1.0762836867051488 -0.7189338960468179 -1.0532619441306839
1 4.0 400 1.0 13.4558 13.4782 0.4466106692412508 0.6954567443986075 0.23916832832365592 0.8116328678864086 0.45101540573337184 0.6619501568473944 -0.2669186029998123 0.04172123343865142 -0.30079068706594825
1 4.0 400 0.6 13.3679 13.4008 0.5466525739657376 0.6482346526440872 0.4669204173413085 0.7290015234196883 0.5640218245812715 0.5500392246325643 -0.42248700202155476 -0.271108123024292 -0.5249396356978275
1 4.0 400 0.3 13.0819 13.2052 0.4671370912544951 0.40262535946586975 0.38056558417533615 0.5627726254155967 0.47780111074078657 0.3347470800718997 -0.5385161446973008 -0.3183666193024983 -0.6041807548141946
1 4.0 400 0.1 12.6397 13.0226 0.5460743107361805 -0.1984023116760807 0.4321286027243296 0.08764266335721183 0.5446737321141724 -0.1834641382042601 -1.056878815997485 -0.7361128175291505 -1.0426622157768097
