IMF(Kroupa=0, IGIMF=1), Log_SFR, SFEN, STR, alive stellar mass, Dynamical mass, Mass-weighted stellar [Mg/Fe], Mass-weighted stellar [Z/X], gas [Mg/Fe], gas [Z/X], luminosity-weighted stellar [Mg/Fe], luminosity-weighted stellar [Z/X]
1 -2.0 5 0.1 5.234 5.4604 0.6965810944116085 -1.7616310676210707 -0.4042273275839326 -0.9507812177011463 0.6965032618413857 -1.762412516646349 -2.513451957897405 -0.6723770877256809 -2.5141278647676755
1 -2.0 5 1.0 5.3349 5.498 0.6379455401128747 -0.3132122202950349 -0.7318403115789313 1.0717771793365607 0.6406874449292871 -0.31349325113628157 -1.0041509005764029 1.4741923119904397 -1.0075945396902828
1 -2.0 5 0.6 5.273 5.4745 0.6764631873254472 -0.7996542740880359 -0.49901173792547604 0.09837081999333774 0.6749774729635362 -0.7844434830583216 -1.5294720142734564 0.40150783190987127 -1.5123121358273472
1 -2.0 5 0.3 5.2463 5.4648 0.6903963607912401 -1.2224307208627214 -0.43768896973701343 -0.38767208758256566 0.6894266460567801 -1.2164738792563081 -1.9669207251223115 -0.10043979477426745 -1.959660681241786
1 0.0 5 1.0 7.4144 7.5115 0.7582054447776426 0.4633699684029511 -0.22737487356871808 0.9792430521364863 0.8251462667774243 0.17120525182492718 -0.4552110113784842 0.909027505074754 -0.7644760457818149
1 0.0 5 0.6 7.2609 7.4288 0.7986738469609247 0.00947160132386915 0.011840484386364702 0.5994162663059566 0.8104345242999105 -0.04191705775331256 -0.9050462289260519 0.303986221264827 -0.9613265813779472
1 0.0 5 0.1 7.0747 7.3656 0.8324630833044954 -1.0339560259316556 0.12370070707780009 -0.41647693737887326 0.8316601547489701 -1.0260063983061782 -1.9361682368364006 -0.6603964604160781 -1.9273277843485648
1 0.0 5 0.3 7.1442 7.3824 0.8207249975941645 -0.45447573050415824 0.07361089991660433 0.17635732461163744 0.8196191831290623 -0.43778896045008886 -1.362727196169387 -0.11909278774595666 -1.345104753599105
1 2.0 5 1.0 9.3825 9.4677 0.835396114042666 0.7713831289020869 0.05679836523430137 1.0835861511892229 0.8688454649595665 0.5578152103734608 -0.24269940549559887 0.7407499153109742 -0.4568166161516176
1 2.0 5 0.6 9.2139 9.3567 0.8359661414947511 0.46409238444896994 0.21491646245895624 0.8600332025110529 0.8710681757767207 0.2885779985833381 -0.5662013638679175 0.3091747022165485 -0.7321310649407602
1 2.0 5 0.3 8.9165 9.2144 0.8724068182155092 -0.0450808065906354 0.24310775088825848 0.5369414337601077 0.878489925117122 -0.06474617795543902 -1.0465353281527667 -0.030844967974296367 -1.0657583423162844
1 2.0 5 0.1 8.7508 9.1943 0.8931398429579733 -0.6715892586757535 0.2994500118260913 -0.06837773561586502 0.892203103176875 -0.6493571895867707 -1.6490609305438193 -0.5639547067398887 -1.6260874228058642
1 4.0 5 1.0 11.367 11.4489 0.8581847784944173 0.8513537504729608 -0.05234471131588331 1.1283586764045412 0.8524712353497349 0.8312381709310788 -0.1894080194713883 0.8900448358899724 -0.21603887129886168
1 4.0 5 0.6 11.1787 11.3196 0.8513526874922135 0.5820315040791011 0.09710745401613663 0.9257278430741588 0.8743379803061088 0.4609046099387377 -0.47951347575036163 0.48332391761114835 -0.5914671933628197
1 4.0 5 0.3 10.7705 11.1221 0.8854505507534632 0.08786162084214033 0.12162480476802642 0.6288873826176267 0.8936758931937221 0.05327959219413403 -0.9453996126845441 0.16031482934044305 -0.977640878333049
1 4.0 5 0.1 10.5267 11.0995 0.9113021092425153 -0.5595982086209241 0.17932025329608198 0.03289701905553932 0.9103019780726107 -0.5333198803417345 -1.5615273386578723 -0.3736888337778588 -1.5346376677677833
1 -2.0 10 0.6 5.5913 5.7828 0.40867488470544944 -0.6772825861360439 -0.5949634664473213 0.04796676228375962 0.4053953586258978 -0.6642525612635655 -1.1476723812013256 0.3882212328575312 -1.1317345154839051
1 -2.0 10 0.1 5.5404 5.7641 0.48709176193891124 -1.6087861813082813 -0.44788330568546864 -0.9777302124528846 0.48675404480093587 -1.608435073268158 -2.115670376407637 -0.6718490419166683 -2.114959314627403
1 -2.0 10 1.0 5.664 5.8117 0.30484412940696876 -0.21345779504080187 -0.9476549947739618 0.9389143919627013 0.321285502476868 -0.23491486039465492 -0.6516323940052962 1.4355450155611709 -0.6821898283432395
1 -2.0 10 0.3 5.5578 5.7708 0.44923945063417914 -1.0806922463046578 -0.49867644052214505 -0.4218920933402799 0.4472532918900394 -1.0750875694815727 -1.5644115525091626 -0.10467217232915083 -1.556832669183354
1 0.0 10 1.0 7.7809 7.8506 0.5384794122048447 0.43846506485786185 -0.4574448682171154 0.7881414134535115 0.6187806293119713 0.24852289882253942 -0.3835518336230477 0.8526108532914565 -0.6053416953517416
1 0.0 10 0.6 7.6418 7.7692 0.5981678227042301 0.13637116508992464 -0.0944602019173491 0.5243373541380978 0.6266894049538781 0.06238045845021545 -0.7122350426034174 0.2549257461931198 -0.7929505639490539
1 0.0 10 0.3 7.4964 7.7032 0.6527246950217472 -0.3082305972567425 -0.007064101740800299 0.16264675399444783 0.652588845825658 -0.30037455567946325 -1.125239629894443 -0.12904429989932265 -1.1170924362774173
1 0.0 10 0.1 7.4015 7.6782 0.685577860315859 -0.9025909906820357 0.07058753072548765 -0.43491110972565106 0.6838186341909731 -0.8944759547806991 -1.669292250496234 -0.6581300429385761 -1.659755148482275
1 2.0 10 0.6 9.6649 9.7475 0.663717539105891 0.5408420245233239 0.12411015995448701 0.7429179726351869 0.7071967854624824 0.3973487768778827 -0.46494190242218636 0.2158624492785295 -0.6121897332490143
1 2.0 10 1.0 9.7925 9.839 0.6480829785345742 0.7162986182736306 -0.1614478322419657 0.8776544798173296 0.6856047492631643 0.5811091224254876 -0.25470301995729283 0.6601169556207664 -0.3964227304633594
1 2.0 10 0.3 9.3738 9.5766 0.7009929299809403 0.17413730907143576 0.1750615407634572 0.5204114946690672 0.7218827273399482 0.10818037428511662 -0.8217249123154273 -0.05363144513405693 -0.8867789537649866
1 2.0 10 0.1 9.1165 9.5068 0.7679822111812693 -0.49961506162164393 0.24010311753236024 -0.04745615747008802 0.7660190757792251 -0.48282956849769687 -1.4188182671264613 -0.5502456227169708 -1.4014127764008117
1 4.0 10 0.6 11.6617 11.7346 0.6719074654195952 0.6316500650413406 -0.01004371197701287 0.7941781109072671 0.6956727417129381 0.5484429934671271 -0.397059033854684 0.3950775805710798 -0.4819964259922722
1 4.0 10 1.0 11.7888 11.8303 0.6557438432317169 0.7874264011844534 -0.29915991004728765 0.9331852156501013 0.6545829276617379 0.759032389690709 -0.2035649907446624 0.8430420951715503 -0.22629370081020905
1 4.0 10 0.3 11.3112 11.5149 0.6977215934602824 0.3166778820883527 0.04486092314299042 0.6086374882209329 0.7239843225346012 0.23605779890728695 -0.7146635156845127 0.14191734869563088 -0.7956376598250072
1 4.0 10 0.1 10.9215 11.4031 0.7785513242695766 -0.37902479484795504 0.10760384514141758 0.06892785169074811 0.776241155688914 -0.3601238329591616 -1.334902755312437 -0.346854123705044 -1.315501757915757
1 -2.0 20 0.6 5.903 6.0882 0.15769702934470492 -0.6121213522173268 -0.6357155837594564 0.016116036422326285 0.15393425074656747 -0.5993004942458742 -0.8692279899706863 0.36983827519399526 -0.8537848801359056
1 -2.0 20 0.1 5.8449 6.0669 0.24758338157107046 -1.5344916051327855 -0.46947566513875716 -0.9920987704151039 0.24689246194179915 -1.533232457600586 -1.8061827804695625 -0.6732361498462014 -1.804288691640621
1 -2.0 20 1.0 5.9802 6.1199 0.041230975649324486 -0.16720432824634335 -1.0299894165258388 0.8407974853351773 0.05922395067982908 -0.1945468024608219 -0.40656854821134125 1.3862064392031184 -0.44217081081089926
1 -2.0 20 0.3 5.8652 6.0746 0.20028434778909687 -1.009292234851684 -0.5280762710199575 -0.44147521972177484 0.19786625145186082 -1.0025972706381638 -1.2632263876993424 -0.11198144765990214 -1.2545057611484802
1 0.0 20 0.6 7.9739 8.0865 0.43566913973844634 0.1678894825310473 -0.14098004540931877 0.4861226202443627 0.46403008300795845 0.09793946945751109 -0.5892524754677106 0.22250838635827463 -0.6674399327617451
1 0.0 20 1.0 8.1004 8.1622 0.3746861291687291 0.41452344549734144 -0.5182490234211149 0.7456590521286532 0.44434340895342606 0.2702031926747184 -0.3153833231469916 0.8190704755724125 -0.4925291462690975
1 0.0 20 0.1 7.7162 7.9854 0.5475437842689562 -0.844950724326518 0.04438349749618564 -0.4434581425641573 0.5455349891856434 -0.8365074973489961 -1.4926169414891302 -0.6589741157592144 -1.4828502450409626
1 0.0 20 0.3 7.8239 8.0152 0.4990859628791344 -0.24190754987333096 -0.0460241283047449 0.15101327965681 0.5002435153718446 -0.2397549887133188 -0.9644869939170606 -0.13971568402668844 -0.9622938059221413
1 2.0 20 0.6 10.0092 10.0751 0.5383212389540092 0.5345579906676508 0.08351487475905339 0.7093894742934443 0.5767558239815287 0.420298350962242 -0.41323098111524814 0.1727814516646493 -0.5377458216073769
1 2.0 20 1.0 10.1275 10.1631 0.5202868020686509 0.6672877754578426 -0.22229711801166596 0.8431576353805423 0.5573932695299484 0.5649793100205838 -0.2549280909799778 0.6128780821012243 -0.3705112883024615
1 2.0 20 0.3 9.7465 9.9104 0.5696694436631637 0.24192974084956886 0.1409555898125356 0.5075785555180943 0.5924172624644546 0.17037560719658895 -0.7003276607162494 -0.07358250965326096 -0.7737885824291926
1 2.0 20 0.1 9.4527 9.8129 0.6529918532199361 -0.4168345714347328 0.20834840943202093 -0.03387987282446425 0.6507229447035491 -0.4020639727918882 -1.2713684394903364 -0.5451582723531168 -1.2562027894371663
1 4.0 20 0.6 12.0111 12.0669 0.5101452581252234 0.6134304301690638 -0.0602494061621642 0.7609273973662851 0.5361642273767188 0.5445304413943848 -0.3228646195131155 0.35716169313326684 -0.40164614709233337
1 4.0 20 1.0 12.1294 12.1595 0.48703837141687734 0.7222329087588825 -0.3756522559203458 0.8913642822768413 0.4937938948567546 0.6870820167973839 -0.1759973287270089 0.8050836507260173 -0.21043719714811893
1 4.0 20 0.3 11.7057 11.8617 0.5382157892242919 0.371011956840511 0.0066660919350765985 0.5923109481759625 0.5667348901027437 0.2928319526706502 -0.5732960821538029 0.12488985032055311 -0.6588089944727384
1 4.0 20 0.1 11.2738 11.7064 0.6336495561590342 -0.28731575607804816 0.07010769299638842 0.08864176963210135 0.6322024914898065 -0.27522722790306253 -1.1619850821744002 -0.3359840415189481 -1.1494847381264721
1 -2.0 50 0.1 6.2465 6.4664 0.025738859036708722 -1.4748962247725987 -0.48137083764045424 -1.0017731243479904 0.024753077054776626 -1.4720711914316362 -1.544771544711133 -0.6767763309615136 -1.5411445544496845
1 -2.0 50 1.0 6.3902 6.5235 -0.17079068514526927 -0.1369220088881704 -1.0532191630157888 0.7518202421946789 -0.15559266265928812 -0.16417973203890535 -0.2102562554986953 1.3114173060070766 -0.24351781819014295
1 -2.0 50 0.3 6.2694 6.4751 -0.018491091211263147 -0.9514581367717401 -0.5415605518778019 -0.4562379598434603 -0.021053061250307967 -0.9427405283536829 -1.015030852018274 -0.12421443977137425 -1.004511373173595
1 -2.0 50 0.6 6.311 6.49 -0.06251380286650407 -0.5576968161540992 -0.6505879869654383 -0.010742721596167959 -0.06590054813624144 -0.5440506700571868 -0.6344429959443589 0.3413557445707518 -0.6189697529135048
1 0.0 50 1.0 8.5087 8.5662 0.23384546061618167 0.4058515216624483 -0.5231724392162416 0.7075158162421537 0.287554094780026 0.2797258958812776 -0.23214553330256216 0.7590460021041996 -0.38427577299992866
1 0.0 50 0.6 8.389 8.4937 0.28976576099716095 0.18265940159755556 -0.15653685773355183 0.4619286985670432 0.3128587674568599 0.11693532240890381 -0.47228459631268205 0.18916740330517623 -0.5441192271184807
1 0.0 50 0.1 8.1236 8.3872 0.41280274038420117 -0.8083900939407822 0.029839011191216708 -0.44852677273819164 0.41079851415256474 -0.7987331718383677 -1.3384454964162549 -0.6617922676411787 -1.327769369743562
1 0.0 50 0.3 8.2393 8.4206 0.3526187087897907 -0.202141808747913 -0.06484752974515481 0.14256090299369006 0.35426344659355863 -0.20273413837105214 -0.8193402285089961 -0.15279117348773852 -0.8198234614014464
1 2.0 50 1.0 10.5416 10.5715 0.40242706766639036 0.6523379301200929 -0.22806604944862371 0.8203374304437996 0.43352951652857075 0.5623627648198761 -0.21345420974389295 0.550274781210017 -0.3172620170123457
1 2.0 50 0.6 10.4303 10.4873 0.42266327927417824 0.5325749263957731 0.06920778034769165 0.6912518675798549 0.45284440878795607 0.4314112423359011 -0.34738950753649345 0.13407708293208742 -0.4582751864844612
1 2.0 50 0.3 10.1839 10.3276 0.4506140372927049 0.27238869881014627 0.1241373534453781 0.4989683048391773 0.470341927099306 0.20156104223239613 -0.5954929539922791 -0.09159875626355962 -0.6683131500304409
1 2.0 50 0.1 9.8744 10.2142 0.5378991947660443 -0.3646498103837861 0.18962495797455348 -0.023805787514127763 0.5357176169841676 -0.3508390702651616 -1.141433587098657 -0.5446001432348853 -1.127534888528685
1 4.0 50 1.0 12.5441 12.5689 0.33121900994873776 0.7041906977170319 -0.3898766430860799 0.8681600269435402 0.3403268653739733 0.6713470736809741 -0.10011121696175529 0.7499843363871528 -0.13631076929211527
1 4.0 50 0.6 12.4334 12.4807 0.35641583652648196 0.6068448560459077 -0.07872559898872822 0.7430599237208378 0.3788665330086959 0.5449595974602226 -0.2234514603913258 0.32140552563589786 -0.296227161042407
1 4.0 50 0.3 12.1533 12.2854 0.38360228506492505 0.39420440468449325 -0.012608636286832148 0.582136207922477 0.408194869615253 0.3199541276214384 -0.43835335918572227 0.10755764215946506 -0.5205379727669994
1 4.0 50 0.1 11.7063 12.107 0.47870474056031587 -0.2287587578882171 0.04895073328404362 0.09992186932634484 0.47827735821538586 -0.22135818800874452 -0.994898763189787 -0.3324542017950254 -0.9871935601781363
1 -2.0 100 0.1 6.5509 6.7687 -0.09415127477444098 -1.442045809459817 -0.4839620809536994 -1.0059729991300894 -0.09546145386359423 -1.4372497264935153 -1.4091076554177864 -0.6804101810875345 -1.4033280296700514
1 -2.0 100 1.0 6.6986 6.8277 -0.278823873756528 -0.11926927533538856 -1.041601790602759 0.6924258991809029 -0.2656121785944585 -0.1458017999365786 -0.1068800522114346 1.243804120087447 -0.1380307813017163
1 -2.0 100 0.3 6.5755 6.778 -0.13562943531610658 -0.9189828744477302 -0.5421025546593323 -0.46331682337875857 -0.138338435269531 -0.9078392951203889 -0.8853683334721216 -0.13476257654997337 -0.8725462998234184
1 -2.0 100 0.6 6.6193 6.7939 -0.17934446076777427 -0.5265893808282713 -0.6464790793206107 -0.02543580615491181 -0.18267548264862626 -0.511186621960001 -0.5103703759315277 0.3174119583421646 -0.4935060926616357
1 0.0 100 1.0 8.8134 8.8694 0.1593735219206513 0.4038492020152329 -0.49308466975337084 0.6862171932133381 0.20454930219304962 0.283183428618641 -0.1763512641309104 0.7010713510069015 -0.31792129850940043
1 0.0 100 0.6 8.697 8.7984 0.21028032041022915 0.18842845352510706 -0.15081143373651157 0.45215138463229265 0.23019129412550043 0.12474465114181998 -0.40253174482336984 0.16551821831465396 -0.47055797593976845
1 0.0 100 0.1 8.43 8.6902 0.3344557954374285 -0.7928384749003541 0.026638705836202675 -0.45001222050502876 0.33235311036567666 -0.7814279806439666 -1.253045826474228 -0.664939513946325 -1.2407490295628785
1 0.0 100 0.3 8.5482 8.7248 0.2698854758136239 -0.18685461560644567 -0.06688445799260456 0.13915814518028702 0.2713750733098211 -0.18732624517845697 -0.7371449668071257 -0.16243243649194117 -0.7373934713320489
1 2.0 100 1.0 10.8477 10.8758 0.33988693820810256 0.6484582876796794 -0.19899599014167385 0.8090235060886597 0.36623913762075455 0.5618870287281619 -0.17697673900904487 0.49450454528374 -0.27565457932126325
1 2.0 100 0.6 10.7392 10.7932 0.35895666656396386 0.5323889645469346 0.07468750792374276 0.684546349340543 0.3843816552781499 0.4351554766000141 -0.3010429972098061 0.10948901789374865 -0.4061927058625212
1 2.0 100 0.3 10.4988 10.6355 0.38396406483792145 0.2821171742387705 0.12246214716709622 0.49576367461088844 0.40144925262813413 0.212385333774614 -0.5347295540701378 -0.10253546910389222 -0.605702244117909
1 2.0 100 0.1 10.1855 10.5168 0.46958599371523213 -0.34532070716910446 0.18474947996605373 -0.020117770148242675 0.46737452250218614 -0.3308458969586565 -1.0684266551745933 -0.5463440274462048 -1.0540415914571861
1 4.0 100 1.0 12.8508 12.8738 0.24905205788475543 0.6999560130056215 -0.3637685137610177 0.8549565353387154 0.2576131504999336 0.667715410551939 -0.04629465091961471 0.6942246202298898 -0.08233642419170195
1 4.0 100 0.6 12.7428 12.7872 0.2728010425925691 0.6055081663754238 -0.073177458360204 0.7357513688043588 0.29200445855121704 0.5456509351702641 -0.15893031235524813 0.2955083403516783 -0.22824327202196493
1 4.0 100 0.3 12.4716 12.5957 0.2971172133028226 0.4018340600912189 -0.01457595081974658 0.5781447859273376 0.3184829733345015 0.32937662330930784 -0.3594971927277646 0.0958758064351386 -0.4385015837561568
1 4.0 100 0.1 12.0215 12.4095 0.3879639997249936 -0.20703525229505715 0.04351628658412712 0.10376789444359846 0.38770384337133534 -0.2004168149897132 -0.9001720302921745 -0.3335316046009309 -0.8932618062594244
